COMMENT: Tour length 5.52633e+06
DIMENSION: 1979
TOUR_SECTION
1
49
770
556
596
477
1821
1826
117
367
1018
904
484
27
521
1945
1677
1077
1135
1405
1890
186
1450
963
1888
542
1126
1432
1846
1891
38
36
68
1065
560
496
445
1911
266
1272
230
1887
511
1924
1295
1256
616
882
1579
773
1950
1550
1858
1026
1151
149
828
457
161
229
174
686
687
786
761
757
432
1374
20
1050
1747
688
1590
1711
1824
1719
1403
31
1076
1866
1053
42
971
1665
1116
632
1156
307
145
194
1669
1951
1480
997
1504
1860
908
1892
1483
1502
1871
260
1279
1055
747
1041
296
362
175
1874
909
298
683
1740
1731
1485
112
75
1906
1793
1789
493
206
1797
1338
1406
279
703
1759
1002
930
1332
431
1043
441
392
1949
1437
1164
1645
85
1592
1587
614
1146
1929
1384
87
1584
983
515
989
1269
1672
1147
1853
695
1611
860
1692
500
684
780
345
1367
1316
1003
1365
1428
1900
326
832
868
1125
130
16
1240
601
914
1942
1170
1035
1603
47
791
1209
384
1955
1526
1791
1952
590
447
1552
1491
466
1364
980
23
1473
784
1326
692
1937
809
1763
127
1558
195
1062
1263
535
183
1225
859
1082
861
341
1007
123
1090
172
729
425
1331
751
146
1064
1414
905
1194
720
1021
731
1649
1639
1752
1407
917
922
940
1742
624
884
253
448
111
1495
1057
359
1777
730
626
1046
572
1251
698
1957
1770
580
1171
1465
1353
1832
1334
319
110
1767
1264
1449
1257
986
1336
1277
1802
412
700
1627
1173
1634
442
1582
933
114
617
1822
413
1760
1387
1152
1638
1248
1358
1699
1231
575
846
1687
1809
1034
1958
1462
970
122
625
1443
335
1714
1412
656
712
1013
910
587
1529
874
28
715
1827
639
1813
1704
1241
44
378
90
314
1091
923
1004
1442
1371
1836
1163
1095
1180
37
458
108
1318
1556
839
222
373
1538
594
1668
1854
1786
558
1247
50
471
469
827
411
1783
1660
1104
1653
232
249
164
48
976
1523
663
1296
1448
1175
1773
528
738
181
1191
1838
1444
1276
1681
597
1565
1544
294
336
1399
1133
1849
1910
1597
1915
634
1696
1115
736
1667
1518
689
268
599
234
988
1466
714
1010
24
1685
295
1313
555
547
618
407
1595
1615
1589
1310
315
228
779
1658
219
404
212
812
1700
211
849
1879
1636
1925
1186
185
711
369
65
1764
561
105
790
589
1120
1383
1049
101
1475
1124
844
297
1709
1863
55
1024
883
871
1221
322
1381
1267
439
1321
1404
258
1798
226
1378
1586
468
440
591
255
785
956
866
708
1841
621
1087
942
254
1347
218
1749
1738
766
1721
1878
199
395
1346
586
293
609
1123
879
1865
434
822
443
1456
1451
1532
203
1843
1734
290
141
593
892
1369
1236
657
1380
856
1213
435
1015
977
1908
409
1771
1927
157
282
825
1765
393
385
334
1385
1455
1811
890
233
1788
1507
32
901
516
1625
838
474
274
936
1608
1377
1517
721
1939
451
350
198
1187
670
237
139
244
246
743
1778
1419
1446
1746
916
1599
545
265
1506
1006
4
1737
80
763
1539
864
1926
380
1919
159
1618
1155
793
308
982
935
1976
1534
1416
999
1758
705
1409
1496
788
309
1792
92
1472
170
1960
573
979
1298
990
1234
1285
1211
1531
1828
957
746
1545
473
802
958
46
151
716
356
1650
1268
1837
1281
717
972
654
739
51
1410
1083
86
1808
702
834
421
1922
1905
1261
1355
840
1157
1954
1375
1228
569
946
926
133
1612
1238
1302
1427
1876
1111
648
1909
1835
799
1795
1343
1166
299
1208
706
1056
498
1114
1467
512
899
579
1280
1885
204
993
566
865
1609
678
93
1503
1494
1324
7
563
1052
662
538
400
502
1060
622
690
1489
1254
744
1970
354
519
1774
1920
1904
1109
1210
647
121
205
1743
1728
1702
1815
1641
288
1205
911
106
1117
1197
918
509
981
79
928
816
124
1275
1816
173
1080
753
1376
1736
1439
1716
1542
1188
1317
1546
1304
974
1640
1435
1260
1936
235
1845
1459
1195
906
1730
1224
1772
324
1671
1193
1219
506
704
623
752
1185
581
1113
95
188
1720
1262
1697
1967
1741
138
1631
1307
1202
893
843
726
1143
482
3
1819
1629
1348
1766
1329
1577
1265
283
1201
1881
1137
611
10
1099
504
1712
1530
1973
1498
1708
1482
1391
1499
155
1663
1388
405
1148
1396
1178
1031
1654
1284
462
70
317
358
532
1979
855
758
527
415
551
1319
158
1292
1682
1619
1119
1411
1779
1244
1011
693
898
243
1935
1433
889
1424
1071
953
1513
54
227
1839
818
1872
1593
1481
455
1214
12
1573
490
487
671
863
1581
72
1580
807
1176
1794
191
1181
1646
1390
289
733
891
459
200
1392
1833
328
1969
217
762
1623
166
610
1548
1216
1484
419
1361
1557
836
1294
1679
1278
876
1941
1044
507
829
1440
165
696
1655
627
1606
479
1775
655
1144
1732
1870
245
1715
1509
1940
1528
302
1695
153
1070
1477
1417
1389
285
310
1521
1861
1726
82
15
975
907
608
1379
1830
420
316
735
483
1817
1616
119
1572
193
821
347
1330
1301
1972
1320
650
767
1308
1867
1782
417
470
1946
1717
35
495
366
600
74
1825
637
755
1217
1536
1515
1078
1678
577
805
750
607
1622
523
499
672
156
88
778
1016
998
1426
280
665
1628
1190
1397
1218
649
1567
1686
77
231
1661
152
187
1215
1959
84
1562
259
1204
492
814
312
113
1092
132
522
1576
52
33
1932
749
1607
135
202
1862
287
1429
338
615
643
886
1463
875
1707
1727
136
1664
732
1739
1418
300
1027
1744
1733
344
987
725
1431
1722
1315
719
1486
939
1293
177
171
189
137
1274
529
873
1492
1505
1540
209
969
1182
408
1750
713
1916
1075
824
776
919
1430
968
491
1243
270
426
355
612
955
1287
257
59
603
576
1222
796
995
964
1206
525
416
823
962
633
630
61
1842
1930
1309
1270
1859
691
533
1624
1651
1857
1282
631
1252
887
718
1045
728
554
1514
517
659
1757
540
804
1362
275
467
387
514
178
1490
1718
216
1525
1314
109
472
34
1901
1009
1961
582
1476
952
1098
1102
592
1637
847
18
536
534
1488
1647
353
1401
1350
1239
126
1831
1810
1373
1571
1200
819
464
69
1780
503
1511
1158
518
1527
756
1559
1305
264
1150
304
765
1724
1469
291
17
1943
1172
1680
1676
664
549
100
1066
1136
388
1242
1084
57
269
1189
574
851
340
669
1048
1787
667
1602
1963
1471
1259
966
782
489
1784
1694
1803
1461
1132
797
1368
913
1110
1575
707
371
21
1359
1229
1107
792
1468
26
5
954
1300
396
1882
1286
668
1339
81
1844
660
481
327
852
1372
1207
129
1895
1673
1249
140
1061
397
1161
653
965
1516
1349
1325
427
636
372
19
1145
920
1033
43
256
1799
857
803
1128
1962
1184
370
651
1058
1754
1812
1020
478
329
8
902
1341
1785
497
1345
1781
1454
273
1914
424
1801
1168
1729
363
94
941
501
1820
774
1036
539
795
699
740
1067
320
553
247
1912
1894
1902
1551
128
452
1273
361
1382
1605
1519
311
131
1395
947
1232
1880
1297
272
368
436
190
494
801
1032
505
1620
1598
723
1413
1829
1106
278
1366
1907
1971
1085
1617
1165
1017
510
1632
937
1555
1601
1129
602
652
96
1753
675
349
1196
1522
1169
1479
197
1735
1500
1441
1913
169
1063
1042
331
1690
486
544
760
1420
1698
45
403
333
1351
598
1510
116
1097
1271
775
1393
948
1703
22
267
1934
375
1072
1547
1149
277
102
1635
107
1928
1019
1460
837
938
1512
1223
1340
754
1131
1250
815
444
389
848
1535
1140
252
1227
961
925
722
1069
676
53
262
1342
430
845
98
78
1898
476
996
242
513
835
1328
826
103
99
595
6
685
1965
1897
1570
1869
895
1423
1944
1394
1591
1648
794
635
1457
1093
1022
1386
292
1642
402
1177
1073
1039
89
813
167
642
1040
1674
66
1088
386
1953
629
1931
73
745
1038
1037
878
548
1108
768
877
701
422
1662
179
681
29
1723
867
888
429
943
460
1588
168
1253
1008
58
428
1583
313
1100
604
147
248
1153
30
224
869
759
1537
39
1543
339
1415
543
377
192
1652
959
453
40
1303
628
1452
1357
951
1086
934
1873
811
1154
1893
764
1561
565
1291
550
559
1855
1604
1179
1533
2
724
772
960
11
241
1847
1402
1487
148
271
1198
1560
1138
1644
1074
221
679
365
1705
508
325
120
456
83
104
14
184
25
568
1356
798
644
433
1596
1807
1613
1470
1458
1804
1566
1968
399
1899
680
351
854
640
537
394
449
223
897
238
742
215
64
1139
562
418
281
697
1563
374
1051
710
1823
1610
1796
301
973
1977
991
1578
220
461
1856
1917
1974
303
570
1818
143
343
1408
1235
858
60
1212
306
694
1585
454
376
144
182
1233
379
1684
250
1363
1633
1436
1014
1323
1370
1289
1237
872
1834
1162
1938
286
921
480
1337
1868
1464
950
13
1258
1025
1335
1266
1167
1299
658
284
929
1762
67
357
1101
1220
364
1028
1875
1956
810
1453
390
398
450
1438
1896
1806
201
1978
118
830
251
1630
1096
162
360
880
927
552
1094
674
661
1614
414
734
1246
967
1689
1693
817
1903
210
949
154
1226
381
1322
737
557
62
1142
263
437
330
342
1398
787
682
1889
808
261
769
1199
63
620
1643
709
236
605
1508
276
584
1851
76
1921
606
1134
391
1790
91
1255
1923
1103
1688
1245
1118
1160
1288
944
134
1445
1569
406
546
1023
841
423
850
346
1081
1054
1105
1852
842
1706
1524
1400
994
383
985
783
321
800
142
1769
1159
646
348
1594
1568
401
903
771
1745
588
870
1283
520
1701
1183
1975
1421
1683
465
638
56
1670
541
97
488
1327
833
214
1600
1918
1068
932
727
1001
225
1434
613
1850
1422
305
337
945
881
180
666
1748
1725
1768
820
1564
410
150
1112
115
1005
1311
1883
571
992
1574
1656
885
1848
526
1203
1192
1354
1675
777
1474
1626
530
1800
1493
207
9
578
1541
1230
1884
741
524
1360
831
924
912
862
1886
1121
1659
240
1520
160
1130
382
1141
318
239
1755
1030
1306
1501
1691
1352
1554
1964
1333
583
1621
984
1089
789
1710
323
900
1127
585
163
438
1012
1657
1344
485
1814
1713
1029
1805
1000
1312
1174
41
475
1776
1047
1948
1290
1122
1478
896
1447
446
931
1877
1666
567
196
1864
1756
641
673
71
1761
352
748
677
915
208
1553
531
781
1933
1966
1497
125
463
176
1425
1079
894
1751
978
853
806
332
1059
213
1549
1947
645
619
564
1840
